,date,state,city,place_type,confirmed,deaths,order_for_place,is_last,estimated_population_2019,estimated_population,city_ibge_code,confirmed_per_100k_inhabitants,death_rate
163209,2021-06-18,ES,Afonso Cláudio,city,3376,56,424,True,30586.0,30455.0,3200102.0,11085.20768,1.66
163633,2021-06-18,ES,Alegre,city,2300,50,404,True,30084.0,29975.0,3200201.0,7673.06088,2.17
164037,2021-06-18,ES,Alfredo Chaves,city,2351,35,413,True,14601.0,14636.0,3200300.0,16063.132,1.49
164450,2021-06-18,ES,Alto Rio Novo,city,683,21,425,True,7836.0,7874.0,3200359.0,8674.11735,3.0700000000000003
164875,2021-06-18,ES,Anchieta,city,4651,84,409,True,29263.0,29779.0,3200409.0,15618.3888,1.81
165284,2021-06-18,ES,Apiacá,city,799,33,406,True,7567.0,7554.0,3200508.0,10577.17765,4.130000000000001
165690,2021-06-18,ES,Aracruz,city,15352,219,424,True,101220.0,103101.0,3200607.0,14890.25325,1.43
166114,2021-06-18,ES,Atilio Vivacqua,city,1461,27,397,True,11936.0,12105.0,3200706.0,12069.39281,1.8499999999999999
166511,2021-06-18,ES,Baixo Guandu,city,3413,71,397,True,30998.0,31132.0,3200805.0,10962.99627,2.08
166908,2021-06-18,ES,Barra de São Francisco,city,4642,190,397,True,44650.0,44979.0,3200904.0,10320.371729999999,4.09
167305,2021-06-18,ES,Boa Esperança,city,1536,39,418,True,15037.0,15092.0,3201001.0,10177.57752,2.54
167723,2021-06-18,ES,Bom Jesus do Norte,city,1038,25,410,True,9936.0,9962.0,3201100.0,10419.59446,2.41
168133,2021-06-18,ES,Brejetuba,city,1602,14,409,True,12404.0,12427.0,3201159.0,12891.285109999999,0.8699999999999999
168542,2021-06-18,ES,Cachoeiro de Itapemirim,city,25829,548,436,True,208972.0,210589.0,3201209.0,12265.12306,2.12
168978,2021-06-18,ES,Cariacica,city,38909,1295,436,True,381285.0,383917.0,3201308.0,10134.74267,3.3300000000000005
169414,2021-06-18,ES,Castelo,city,5772,111,430,True,37534.0,37747.0,3201407.0,15291.281430000001,1.92
169844,2021-06-18,ES,Colatina,city,18858,328,422,True,122499.0,123400.0,3201506.0,15282.009719999998,1.7399999999999998
170266,2021-06-18,ES,Conceição da Barra,city,1699,54,397,True,31063.0,31273.0,3201605.0,5432.801460000001,3.18
170663,2021-06-18,ES,Conceição do Castelo,city,1371,26,397,True,12723.0,12806.0,3201704.0,10705.9191,1.9
171060,2021-06-18,ES,Divino de São Lourenço,city,387,7,397,True,4304.0,4270.0,3201803.0,9063.23185,1.81
171457,2021-06-18,ES,Domingos Martins,city,3683,71,404,True,33850.0,33986.0,3201902.0,10836.81516,1.9300000000000002
171861,2021-06-18,ES,Dores do Rio Preto,city,695,11,397,True,6749.0,6771.0,3202009.0,10264.362720000001,1.58
172258,2021-06-18,ES,Ecoporanga,city,3059,62,397,True,22923.0,22835.0,3202108.0,13396.10247,2.03
172655,2021-06-18,ES,Fundão,city,2523,64,423,True,21509.0,21948.0,3202207.0,11495.35265,2.54
173078,2021-06-18,ES,Governador Lindenberg,city,1937,22,397,True,12709.0,12880.0,3202256.0,15038.819880000001,1.1400000000000001
173475,2021-06-18,ES,Guarapari,city,15355,390,428,True,124859.0,126701.0,3202405.0,12119.083509999999,2.54
173903,2021-06-18,ES,Guaçuí,city,2621,91,404,True,30867.0,31122.0,3202306.0,8421.695259999999,3.47
174307,2021-06-18,ES,Ibatiba,city,3415,84,397,True,26082.0,26426.0,3202454.0,12922.87898,2.46
174704,2021-06-18,ES,Ibiraçu,city,1682,35,419,True,12479.0,12591.0,3202504.0,13358.748309999999,2.08
175123,2021-06-18,ES,Ibitirama,city,426,13,397,True,8889.0,8859.0,3202553.0,4808.66915,3.05
175520,2021-06-18,ES,Iconha,city,2549,19,399,True,13860.0,13973.0,3202603.0,18242.324480000003,0.75
175919,2021-06-18,ES,Importados/Indefinidos,city,3990,202,432,True,,,,,5.06
176351,2021-06-18,ES,Irupi,city,1504,39,404,True,13377.0,13526.0,3202652.0,11119.32574,2.59
176755,2021-06-18,ES,Itaguaçu,city,1585,19,397,True,14066.0,14023.0,3202702.0,11302.85959,1.2
177152,2021-06-18,ES,Itapemirim,city,4259,135,428,True,34348.0,34656.0,3202801.0,12289.358259999999,3.17
177580,2021-06-18,ES,Itarana,city,1402,22,397,True,10555.0,10494.0,3202900.0,13360.01525,1.5699999999999998
177977,2021-06-18,ES,Iúna,city,2638,74,397,True,29161.0,29290.0,3203007.0,9006.486859999999,2.81
178374,2021-06-18,ES,Jaguaré,city,3541,47,397,True,30477.0,31039.0,3203056.0,11408.22836,1.3299999999999998
178771,2021-06-18,ES,Jerônimo Monteiro,city,1241,38,411,True,12192.0,12265.0,3203106.0,10118.22258,3.06
179182,2021-06-18,ES,João Neiva,city,2560,49,409,True,16668.0,16722.0,3203130.0,15309.17354,1.91
179591,2021-06-18,ES,Laranja da Terra,city,804,9,397,True,10947.0,10933.0,3203163.0,7353.882740000001,1.1199999999999999
179988,2021-06-18,ES,Linhares,city,24930,371,437,True,173555.0,176688.0,3203205.0,14109.61695,1.49
180425,2021-06-18,ES,Mantenópolis,city,906,44,397,True,15350.0,15503.0,3203304.0,5844.0301899999995,4.859999999999999
180822,2021-06-18,ES,Marataízes,city,6603,182,399,True,38499.0,38883.0,3203320.0,16981.714369999998,2.76
181221,2021-06-18,ES,Marechal Floriano,city,3212,48,401,True,16694.0,16920.0,3203346.0,18983.451540000002,1.49
181622,2021-06-18,ES,Marilândia,city,1997,29,397,True,12833.0,12963.0,3203353.0,15405.384559999999,1.4500000000000002
182019,2021-06-18,ES,Mimoso do Sul,city,3005,52,397,True,26153.0,26115.0,3203403.0,11506.796859999999,1.73
182416,2021-06-18,ES,Montanha,city,1598,53,397,True,18833.0,18894.0,3203502.0,8457.711440000001,3.32
182813,2021-06-18,ES,Mucurici,city,606,9,397,True,5524.0,5496.0,3203601.0,11026.20087,1.49
183210,2021-06-18,ES,Muniz Freire,city,2748,41,397,True,17465.0,17319.0,3203700.0,15866.96691,1.49
183607,2021-06-18,ES,Muqui,city,1875,50,397,True,15449.0,15526.0,3203809.0,12076.51681,2.67
184004,2021-06-18,ES,Nova Venécia,city,5420,116,418,True,50110.0,50434.0,3203908.0,10746.71848,2.1399999999999997
184422,2021-06-18,ES,Pancas,city,2371,33,397,True,23184.0,23306.0,3204005.0,10173.34592,1.39
184819,2021-06-18,ES,Pedro Canário,city,2164,57,409,True,26184.0,26381.0,3204054.0,8202.87328,2.63
185228,2021-06-18,ES,Pinheiros,city,3327,79,397,True,27047.0,27327.0,3204104.0,12174.7722,2.37
185625,2021-06-18,ES,Piúma,city,2576,76,406,True,21711.0,22053.0,3204203.0,11680.95044,2.9499999999999997
186031,2021-06-18,ES,Ponto Belo,city,588,15,397,True,7863.0,7940.0,3204252.0,7405.54156,2.55
186428,2021-06-18,ES,Presidente Kennedy,city,2044,49,409,True,11574.0,11658.0,3204302.0,17533.024530000002,2.4
186837,2021-06-18,ES,Rio Bananal,city,2444,29,397,True,19141.0,19271.0,3204351.0,12682.26869,1.1900000000000002
187234,2021-06-18,ES,Rio Novo do Sul,city,1506,23,409,True,11622.0,11626.0,3204401.0,12953.724409999999,1.53
187643,2021-06-18,ES,Santa Leopoldina,city,1089,26,413,True,12224.0,12197.0,3204500.0,8928.42502,2.39
188056,2021-06-18,ES,Santa Maria de Jetibá,city,5169,50,411,True,40431.0,41015.0,3204559.0,12602.706329999999,0.97
188467,2021-06-18,ES,Santa Teresa,city,4105,57,433,True,23590.0,23724.0,3204609.0,17303.15293,1.39
188900,2021-06-18,ES,Serra,city,64308,1362,433,True,517510.0,527240.0,3205002.0,12197.10189,2.12
189333,2021-06-18,ES,Sooretama,city,3098,51,423,True,30070.0,30680.0,3205010.0,10097.78357,1.6500000000000001
189756,2021-06-18,ES,São Domingos do Norte,city,1320,20,397,True,8638.0,8687.0,3204658.0,15195.11914,1.52
190153,2021-06-18,ES,São Gabriel da Palha,city,6474,78,415,True,37947.0,38522.0,3204708.0,16805.981,1.2
190568,2021-06-18,ES,São José do Calçado,city,943,58,414,True,10556.0,10546.0,3204807.0,8941.77887,6.15
190982,2021-06-18,ES,São Mateus,city,11872,248,427,True,130611.0,132642.0,3204906.0,8950.40786,2.09
191409,2021-06-18,ES,São Roque do Canaã,city,1685,19,429,True,12415.0,12510.0,3204955.0,13469.224619999999,1.13
191838,2021-06-18,ES,Vargem Alta,city,2370,44,397,True,21402.0,21591.0,3205036.0,10976.795890000001,1.8599999999999999
192235,2021-06-18,ES,Venda Nova do Imigrante,city,4367,49,417,True,25277.0,25745.0,3205069.0,16962.51699,1.1199999999999999
192652,2021-06-18,ES,Viana,city,8055,239,425,True,78239.0,79500.0,3205101.0,10132.07547,2.97
193077,2021-06-18,ES,Vila Pavão,city,1007,16,397,True,9208.0,9244.0,3205150.0,10893.55257,1.59
193474,2021-06-18,ES,Vila Valério,city,3010,32,410,True,14080.0,14073.0,3205176.0,21388.47438,1.06
193884,2021-06-18,ES,Vila Velha,city,62601,1543,437,True,493838.0,501325.0,3205200.0,12487.10916,2.46
194321,2021-06-18,ES,Vitória,city,54174,1191,437,True,362097.0,365855.0,3205309.0,14807.50571,2.1999999999999997
194758,2021-06-18,ES,Água Doce do Norte,city,813,37,397,True,11019.0,10909.0,3200169.0,7452.5621,4.55
195155,2021-06-18,ES,Águia Branca,city,1886,59,397,True,9642.0,9631.0,3200136.0,19582.597859999998,3.1300000000000003
